-22833.0
-19678.0
-23272.0
-29884.0
-29683.0
-16998.0
-21972.0
-21979.0
-31366.0
-18602.0
-15753.0
-20216.0
-22996.0
-21045.0
-19128.0
-14099.0
-20746.0
-17451.0
-16698.0
-19413.0
-15064.0
-14207.0
-15773.0
-16429.0
-14447.0
-13329.0
-15165.0
-11057.0
-11404.0
-9585.0
-12035.0
-15877.0
-11884.0
-12360.0
-12795.0
-11524.0
-13042.0
-12847.0
-11011.0
-12221.0
-11730.0
-8859.0
-10746.0
-12530.0
-9971.0
-10737.0
-8311.0
-8878.0
-11694.0
-9074.0
-7989.0
-8837.0
-8127.0
-10747.0
-9174.0
-10057.0
-10710.0
-9419.0
-8987.0
-8979.0
-9134.0
-10154.0
-9347.0
-8154.0
-9836.0
-7335.0
-7240.0
-6896.0
-6651.0
-6425.0
-7091.0
-6221.0
-6053.0
-7492.0
-5912.0
-6300.0
-6745.0
-6722.0
-6234.0
-7428.0
-6118.0
-5335.0
-4664.0
-6224.0
-5615.0
-5845.0
-6477.0
-5185.0
-6713.0
-6100.0
-5336.0
-6253.0
-4690.0
-4698.0
-5445.0
-4154.0
-5468.0
-4696.0
-4832.0
-4314.0
