6.478148148148148
5.801111111111111
6.756851851851851
8.048148148148147
8.11425925925926
5.230370370370371
6.1214814814814815
6.337777777777778
8.30888888888889
5.6651851851851855
4.922407407407407
5.706666666666667
6.475370370370371
6.218333333333334
5.855
4.501666666666667
5.988148148148148
5.3714814814814815
5.069629629629629
5.614814814814815
4.654444444444445
4.603888888888889
5.1342592592592595
5.103518518518518
4.342037037037037
4.411851851851852
4.82
3.829814814814815
3.8424074074074075
3.46
4.024444444444445
4.99
3.850740740740741
4.172407407407407
4.50537037037037
4.359074074074074
4.4164814814814815
3.954074074074074
3.770185185185185
4.427407407407407
4.034074074074074
3.3724074074074073
3.8344444444444443
4.308148148148148
3.5064814814814813
3.6694444444444443
3.3377777777777777
3.3533333333333335
4.0072222222222225
3.242962962962963
3.182962962962963
3.3646296296296296
3.0825925925925928
3.919259259259259
3.8542592592592593
3.5142592592592594
3.982222222222222
3.4257407407407405
3.5035185185185185
3.361666666666667
3.761111111111111
3.6394444444444445
3.337222222222222
3.0148148148148146
3.61
3.043148148148148
2.9722222222222223
2.916851851851852
2.8274074074074074
2.8357407407407407
3.0633333333333335
2.5616666666666665
2.6153703703703703
3.057962962962963
2.5733333333333333
2.68962962962963
2.7994444444444446
2.852222222222222
2.7242592592592594
2.92
2.8916666666666666
2.412037037037037
2.4007407407407406
2.6444444444444444
2.6105555555555555
2.905925925925926
3.0335185185185187
2.4409259259259257
2.8216666666666668
2.5742592592592595
2.517962962962963
2.8614814814814813
2.3377777777777777
2.56
2.392962962962963
2.035185185185185
2.385925925925926
2.437777777777778
2.686851851851852
2.0755555555555554
