34982
31326
36487
43460
43817
28244
33056
34224
44868
30592
26581
30816
34967
33579
31617
24309
32336
29006
27376
30320
25134
24861
27725
27559
23447
23824
26028
20681
20749
18684
21732
26946
20794
22531
24329
23539
23849
21352
20359
23908
21784
18211
20706
23264
18935
19815
18024
18108
21639
17512
17188
18169
16646
21164
20813
18977
21504
18499
18919
18153
20310
19653
18021
16280
19494
16433
16050
15751
15268
15313
16542
13833
14123
16513
13896
14524
15117
15402
14711
15768
15615
13025
12964
14280
14097
15692
16381
13181
15237
13901
13597
15452
12624
13824
12922
10990
12884
13164
14509
11208
